0.000000
0.014100
0.014458
0.001432
-0.002039
-0.000304
-0.002039
-0.000304
-0.002039
-0.000304
-0.002039
-0.000304
-0.002039
-0.000304
-0.002039
-0.000304
-0.002039
-0.000304
-0.002039
-0.000304
-0.002039
-0.000304
-0.002039
-0.000304
-0.002039
-0.000304
-0.002039
-0.000304
-0.002039
-0.000304
-0.002039
-0.000304
-0.002039
-0.000304
-0.002039
-0.000304
-0.002039
-0.000304
-0.002039
-0.000304
-0.002039
-0.000304
-0.002039
-0.000304
-0.002039
-0.000304
-0.002039
-0.000304
-0.002039
-0.000304
-0.002039
-0.000304
-0.002039
-0.000304
-0.002039
-0.000304
-0.002039
-0.000304
-0.002039
-0.000304
-0.002039
-0.000304
-0.002039
-0.000304
-0.002039
-0.000304
-0.002039
-0.000304
-0.002039
-0.000304
-0.002039
-0.000304
-0.002039
-0.000304
-0.002039
-0.000304
-0.002039
-0.000304
-0.002039
-0.000304
-0.002039
-0.000304
-0.002039
-0.000304
-0.002039
-0.000304
-0.002039
-0.000304
-0.002039
-0.000304
-0.002039
-0.000304
-0.002039
-0.000304
-0.002039
-0.000304
-0.002039
-0.000304
-0.002039
-0.000304
