0.000000
1.355565
0.112257
-0.433277
-0.657164
-0.500000
1.244949
0.742294
-1.063314
-0.546548
-0.000000
0.546548
1.063314
-0.742294
-1.244949
0.500000
0.657164
0.433277
-0.112257
-1.355565
-0.000000
1.355565
0.112257
-0.433277
-0.657164
-0.500000
1.244949
0.742294
-1.063314
-0.546548
-0.000000
0.546548
1.063314
-0.742294
-1.244949
0.500000
0.657164
0.433277
-0.112257
-1.355565
-0.000000
1.355565
0.112257
-0.433277
-0.657164
-0.500000
1.244949
0.742294
-1.063314
-0.546548
0.000000
0.546548
1.063314
-0.742294
-1.244949
0.500000
0.657164
0.433277
-0.112257
-1.355565
-0.000000
1.355565
0.112257
-0.433277
-0.657164
-0.500000
1.244949
0.742294
-1.063314
-0.546548
0.000000
0.546548
1.063314
-0.742294
-1.244949
0.500000
0.657164
0.433277
-0.112257
-1.355565
-0.000000
1.355565
0.112257
-0.433277
-0.657164
-0.500000
1.244949
0.742294
-1.063314
-0.546548
0.000000
0.546548
1.063314
-0.742294
-1.244949
0.500000
0.657164
0.433277
-0.112257
-1.355565
-0.000000
1.355565
0.112257
-0.433277
-0.657164
-0.500000
1.244949
0.742294
-1.063314
-0.546548
-0.000000
0.546548
1.063314
-0.742294
-1.244949
0.500000
0.657164
0.433277
-0.112257
-1.355565
-0.000000
1.355565
0.112257
-0.433277
-0.657164
-0.500000
1.244949
0.742294
-1.063314
-0.546548
0.000000
0.546548
1.063314
-0.742294
-1.244949
0.500000
0.657164
0.433277
-0.112257
-1.355565
-0.000000
1.355565
0.112257
-0.433277
-0.657164
-0.500000
1.244949
0.742294
-1.063314
-0.546548
0.000000
0.546548
1.063314
-0.742294
-1.244949
0.500000
0.657164
0.433277
-0.112257
-1.355565
-0.000000
1.355565
0.112257
-0.433277
-0.657164
-0.500000
1.244949
0.742294
-1.063314
-0.546548
-0.000000
0.546548
1.063314
-0.742294
-1.244949
0.500000
0.657164
0.433277
-0.112257
-1.355565
-0.000000
1.355565
0.112257
-0.433277
-0.657164
-0.500000
1.244949
0.742294
-1.063314
-0.546548
0.000000
0.546548
1.063314
-0.742294
-1.244949
0.500000
0.657164
0.433277
-0.112257
-1.355565
-0.000000
1.355565
0.112257
-0.433277
-0.657164
-0.500000
1.244949
0.742294
-1.063314
-0.546548
0.000000
0.546548
1.063314
-0.742294
-1.244949
0.500000
0.657164
0.433277
-0.112257
-1.355565
0.000000
1.355565
0.112257
-0.433277
-0.657164
-0.500000
1.244949
0.742294
-1.063314
-0.546548
0.000000
0.546548
1.063314
-0.742294
-1.244949
0.500000
0.657164
0.433277
-0.112257
-1.355565
-0.000000
1.355565
0.112257
-0.433277
-0.657164
-0.500000
1.244949
0.742294
-1.063314
-0.546548
0.000000
0.546548
1.063314
-0.742294
-1.244949
0.500000
0.657164
0.433277
-0.112257
-1.355565
0.000000
1.355565
0.112257
-0.433277
-0.657164
-0.500000
1.244949
0.742294
-1.063314
-0.546548
0.000000
0.546548
1.063314
-0.742294
-1.244949
0.500000
0.657164
0.433277
-0.112257
-1.355565
-0.000000
1.355565
0.112257
-0.433277
-0.657164
-0.500000
1.244949
0.742294
-1.063314
-0.546548
0.000000
0.546548
1.063314
-0.742294
-1.244949
0.500000
0.657164
0.433277
-0.112257
-1.355565
0.000000
1.355565
0.112257
-0.433277
-0.657164
-0.500000
1.244949
0.742294
-1.063314
-0.546548
0.000000
0.546548
1.063314
-0.742294
-1.244949
0.500000
0.657164
0.433277
-0.112257
-1.355565
-0.000000
1.355565
0.112257
-0.433277
-0.657164
-0.500000
1.244949
0.742294
-1.063314
-0.546548
0.000000
0.546548
1.063314
-0.742294
-1.244949
0.500000
0.657164
0.433277
-0.112257
-1.355565
0.000000
1.355565
0.112257
-0.433277
-0.657164
-0.500000
1.244949
0.742294
-1.063314
-0.546548
0.000000
0.546548
1.063314
-0.742294
-1.244949
0.500000
0.657164
0.433277
-0.112257
-1.355565
-0.000000
1.355565
0.112257
-0.433277
-0.657164
-0.500000
1.244949
0.742294
-1.063314
-0.546548
0.000000
0.546548
1.063314
-0.742294
-1.244949
0.500000
0.657164
0.433277
-0.112257
-1.355565
-0.000000
1.355565
0.112257
-0.433277
-0.657164
-0.500000
1.244949
0.742294
-1.063314
-0.546548
0.000000
0.546548
1.063314
-0.742294
-1.244949
0.500000
0.657164
0.433277
-0.112257
-1.355565
-0.000000
1.355565
0.112257
-0.433277
-0.657164
-0.500000
1.244949
0.742294
-1.063314
-0.546548
-0.000000
0.546548
1.063314
-0.742294
-1.244949
0.500000
0.657164
0.433277
-0.112257
-1.355565
-0.000000
1.355565
0.112257
-0.433277
-0.657164
-0.500000
1.244949
0.742294
-1.063314
-0.546548
0.000000
0.546548
1.063314
-0.742294
-1.244949
0.500000
0.657164
0.433277
-0.112257
-1.355565
0.000000
1.355565
0.112257
-0.433277
-0.657164
-0.500000
1.244949
0.742294
-1.063314
-0.546548
-0.000000
0.546548
1.063314
-0.742294
-1.244949
0.500000
0.657164
0.433277
-0.112257
-1.355565
0.000000
1.355565
0.112257
-0.433277
-0.657164
-0.500000
1.244949
0.742294
-1.063314
-0.546548
0.000000
0.546548
1.063314
-0.742294
-1.244949
0.500000
0.657164
0.433277
-0.112257
-1.355565
-0.000000
1.355565
0.112257
-0.433277
-0.657164
-0.500000
1.244949
0.742294
-1.063314
-0.546548
0.000000
0.546548
1.063314
-0.742294
-1.244949
0.500000
0.657164
0.433277
-0.112257
-1.355565
0.000000
1.355565
0.112257
-0.433277
-0.657164
-0.500000
1.244949
0.742294
-1.063314
-0.546548
0.000000
0.546548
1.063314
-0.742294
-1.244949
0.500000
0.657164
0.433277
-0.112257
-1.355565
0.000000
1.355565
0.112257
-0.433277
-0.657164
-0.500000
1.244949
0.742294
-1.063314
-0.546548
-0.000000
0.546548
1.063314
-0.742294
-1.244949
0.500000
0.657164
0.433277
-0.112257
-1.355565
0.000000
1.355565
0.112257
-0.433277
-0.657164
-0.500000
1.244949
0.742294
-1.063314
-0.546548
-0.000000
0.546548
1.063314
-0.742294
-1.244949
0.500000
0.657164
0.433277
-0.112257
-1.355565
-0.000000
1.355565
0.112257
-0.433277
-0.657164
-0.500000
1.244949
0.742294
-1.063314
-0.546548
-0.000000
0.546548
1.063314
-0.742294
-1.244949
0.500000
0.657164
0.433277
-0.112257
-1.355565
0.000000
1.355565
0.112257
-0.433277
-0.657164
-0.500000
1.244949
0.742294
-1.063314
-0.546548
0.000000
0.546548
1.063314
-0.742294
-1.244949
0.500000
0.657164
0.433277
-0.112257
-1.355565
0.000000
1.355565
0.112257
-0.433277
-0.657164
-0.500000
1.244949
0.742294
-1.063314
-0.546548
-0.000000
0.546548
1.063314
-0.742294
-1.244949
0.500000
0.657164
0.433277
-0.112257
-1.355565
-0.000000
1.355565
0.112257
-0.433277
-0.657164
-0.500000
1.244949
0.742294
-1.063314
-0.546548
0.000000
0.546548
1.063314
-0.742294
-1.244949
0.500000
0.657164
0.433277
-0.112257
-1.355565
-0.000000
1.355565
0.112257
-0.433277
-0.657164
-0.500000
1.244949
0.742294
-1.063314
-0.546548
-0.000000
0.546548
1.063314
-0.742294
-1.244949
0.500000
0.657164
0.433277
-0.112257
-1.355565
0.000000
1.355565
0.112257
-0.433277
-0.657164
-0.500000
1.244949
0.742294
-1.063314
-0.546548
0.000000
0.546548
1.063314
-0.742294
-1.244949
0.500000
0.657164
0.433277
-0.112257
-1.355565
0.000000
1.355565
0.112257
-0.433277
-0.657164
-0.500000
1.244949
0.742294
-1.063314
-0.546548
0.000000
0.546548
1.063314
-0.742294
-1.244949
0.500000
0.657164
0.433277
-0.112257
-1.355565
0.000000
1.355565
0.112257
-0.433277
-0.657164
-0.500000
1.244949
0.742294
-1.063314
-0.546548
0.000000
0.546548
1.063314
-0.742294
-1.244949
0.500000
0.657164
0.433277
-0.112257
-1.355565
-0.000000
1.355565
0.112257
-0.433277
-0.657164
-0.500000
1.244949
0.742294
-1.063314
-0.546548
0.000000
0.546548
1.063314
-0.742294
-1.244949
0.500000
0.657164
0.433277
-0.112257
-1.355565
0.000000
1.355565
0.112257
-0.433277
-0.657164
-0.500000
1.244949
0.742294
-1.063314
-0.546548
0.000000
0.546548
1.063314
-0.742294
-1.244949
0.500000
0.657164
0.433277
-0.112257
-1.355565
-0.000000
1.355565
0.112257
-0.433277
-0.657164
-0.500000
1.244949
0.742294
-1.063314
-0.546548
-0.000000
0.546548
1.063314
-0.742294
-1.244949
0.500000
0.657164
0.433277
-0.112257
-1.355565
0.000000
1.355565
0.112257
-0.433277
-0.657164
-0.500000
1.244949
0.742294
-1.063314
-0.546548
0.000000
0.546548
1.063314
-0.742294
-1.244949
0.500000
0.657164
0.433277
-0.112257
-1.355565
-0.000000
1.355565
0.112257
-0.433277
-0.657164
-0.500000
1.244949
0.742294
-1.063314
-0.546548
-0.000000
0.546548
1.063314
-0.742294
-1.244949
0.500000
0.657164
0.433277
-0.112257
-1.355565
-0.000000
1.355565
0.112257
-0.433277
-0.657164
-0.500000
1.244949
0.742294
-1.063314
-0.546548
0.000000
0.546548
1.063314
-0.742294
-1.244949
0.500000
0.657164
0.433277
-0.112257
-1.355565
-0.000000
1.355565
0.112257
-0.433277
-0.657164
-0.500000
1.244949
0.742294
-1.063314
-0.546548
-0.000000
0.546548
1.063314
-0.742294
-1.244949
0.500000
0.657164
0.433277
-0.112257
-1.355565
0.000000
1.355565
0.112257
-0.433277
-0.657164
-0.500000
1.244949
0.742294
-1.063314
-0.546548
-0.000000
0.546548
1.063314
-0.742294
-1.244949
0.500000
0.657164
0.433277
-0.112257
-1.355565
0.000000
1.355565
0.112257
-0.433277
-0.657164
-0.500000
1.244949
0.742294
-1.063314
-0.546548
0.000000
0.546548
1.063314
-0.742294
-1.244949
0.500000
0.657164
0.433277
-0.112257
-1.355565
-0.000000
1.355565
0.112257
-0.433277
-0.657164
-0.500000
1.244949
0.742294
-1.063314
-0.546548
0.000000
0.546548
1.063314
-0.742294
-1.244949
0.500000
0.657164
0.433277
-0.112257
-1.355565
0.000000
1.355565
0.112257
-0.433277
-0.657164
-0.500000
1.244949
0.742294
-1.063314
-0.546548
0.000000
0.546548
1.063314
-0.742294
-1.244949
0.500000
0.657164
0.433277
-0.112257
-1.355565
0.000000
1.355565
0.112257
-0.433277
-0.657164
-0.500000
1.244949
0.742294
-1.063314
-0.546548
-0.000000
0.546548
1.063314
-0.742294
-1.244949
0.500000
0.657164
0.433277
-0.112257
-1.355565
-0.000000
1.355565
0.112257
-0.433277
-0.657164
-0.500000
1.244949
0.742294
-1.063314
-0.546548
0.000000
0.546548
1.063314
-0.742294
-1.244949
0.500000
0.657164
0.433277
-0.112257
-1.355565
-0.000000
1.355565
0.112257
-0.433277
-0.657164
-0.500000
1.244949
0.742294
-1.063314
-0.546548
-0.000000
0.546548
1.063314
-0.742294
-1.244949
0.500000
0.657164
0.433277
-0.112257
-1.355565
