0.000000
0.418893
-0.090818
0.350528
-0.203075
-0.500000
0.384710
-0.600528
0.860239
-0.168893
-0.000000
0.168893
-0.860239
0.600528
-0.384710
0.500000
0.203075
-0.350528
0.090818
-0.418893
-0.000000
0.418893
-0.090818
0.350528
-0.203075
-0.500000
0.384710
-0.600528
0.860239
-0.168893
-0.000000
0.168893
-0.860239
0.600528
-0.384710
0.500000
0.203075
-0.350528
0.090818
-0.418893
-0.000000
0.418893
-0.090818
0.350528
-0.203075
-0.500000
0.384710
-0.600528
0.860239
-0.168893
0.000000
0.168893
-0.860239
0.600528
-0.384710
0.500000
0.203075
-0.350528
0.090818
-0.418893
-0.000000
0.418893
-0.090818
0.350528
-0.203075
-0.500000
0.384710
-0.600528
0.860239
-0.168893
0.000000
0.168893
-0.860239
0.600528
-0.384710
0.500000
0.203075
-0.350528
0.090818
-0.418893
-0.000000
0.418893
-0.090818
0.350528
-0.203075
-0.500000
0.384710
-0.600528
0.860239
-0.168893
0.000000
0.168893
-0.860239
0.600528
-0.384710
0.500000
0.203075
-0.350528
0.090818
-0.418893
-0.000000
0.418893
-0.090818
0.350528
-0.203075
-0.500000
0.384710
-0.600528
0.860239
-0.168893
-0.000000
0.168893
-0.860239
0.600528
-0.384710
0.500000
0.203075
-0.350528
0.090818
-0.418893
-0.000000
0.418893
-0.090818
0.350528
-0.203075
-0.500000
0.384710
-0.600528
0.860239
-0.168893
0.000000
0.168893
-0.860239
0.600528
-0.384710
0.500000
0.203075
-0.350528
0.090818
-0.418893
-0.000000
0.418893
-0.090818
0.350528
-0.203075
-0.500000
0.384710
-0.600528
0.860239
-0.168893
0.000000
0.168893
-0.860239
0.600528
-0.384710
0.500000
0.203075
-0.350528
0.090818
-0.418893
-0.000000
0.418893
-0.090818
0.350528
-0.203075
-0.500000
0.384710
-0.600528
0.860239
-0.168893
-0.000000
0.168893
-0.860239
0.600528
-0.384710
0.500000
0.203075
-0.350528
0.090818
-0.418893
-0.000000
0.418893
-0.090818
0.350528
-0.203075
-0.500000
0.384710
-0.600528
0.860239
-0.168893
0.000000
0.168893
-0.860239
0.600528
-0.384710
0.500000
0.203075
-0.350528
0.090818
-0.418893
-0.000000
0.418893
-0.090818
0.350528
-0.203075
-0.500000
0.384710
-0.600528
0.860239
-0.168893
0.000000
0.168893
-0.860239
0.600528
-0.384710
0.500000
0.203075
-0.350528
0.090818
-0.418893
0.000000
0.418893
-0.090818
0.350528
-0.203075
-0.500000
0.384710
-0.600528
0.860239
-0.168893
0.000000
0.168893
-0.860239
0.600528
-0.384710
0.500000
0.203075
-0.350528
0.090818
-0.418893
-0.000000
0.418893
-0.090818
0.350528
-0.203075
-0.500000
0.384710
-0.600528
0.860239
-0.168893
0.000000
0.168893
-0.860239
0.600528
-0.384710
0.500000
0.203075
-0.350528
0.090818
-0.418893
0.000000
0.418893
-0.090818
0.350528
-0.203075
-0.500000
0.384710
-0.600528
0.860239
-0.168893
0.000000
0.168893
-0.860239
0.600528
-0.384710
0.500000
0.203075
-0.350528
0.090818
-0.418893
-0.000000
0.418893
-0.090818
0.350528
-0.203075
-0.500000
0.384710
-0.600528
0.860239
-0.168893
0.000000
0.168893
-0.860239
0.600528
-0.384710
0.500000
0.203075
-0.350528
0.090818
-0.418893
0.000000
0.418893
-0.090818
0.350528
-0.203075
-0.500000
0.384710
-0.600528
0.860239
-0.168893
0.000000
0.168893
-0.860239
0.600528
-0.384710
0.500000
0.203075
-0.350528
0.090818
-0.418893
-0.000000
0.418893
-0.090818
0.350528
-0.203075
-0.500000
0.384710
-0.600528
0.860239
-0.168893
0.000000
0.168893
-0.860239
0.600528
-0.384710
0.500000
0.203075
-0.350528
0.090818
-0.418893
0.000000
0.418893
-0.090818
0.350528
-0.203075
-0.500000
0.384710
-0.600528
0.860239
-0.168893
0.000000
0.168893
-0.860239
0.600528
-0.384710
0.500000
0.203075
-0.350528
0.090818
-0.418893
-0.000000
0.418893
-0.090818
0.350528
-0.203075
-0.500000
0.384710
-0.600528
0.860239
-0.168893
0.000000
0.168893
-0.860239
0.600528
-0.384710
0.500000
0.203075
-0.350528
0.090818
-0.418893
-0.000000
0.418893
-0.090818
0.350528
-0.203075
-0.500000
0.384710
-0.600528
0.860239
-0.168893
0.000000
0.168893
-0.860239
0.600528
-0.384710
0.500000
0.203075
-0.350528
0.090818
-0.418893
-0.000000
0.418893
-0.090818
0.350528
-0.203075
-0.500000
0.384710
-0.600528
0.860239
-0.168893
-0.000000
0.168893
-0.860239
0.600528
-0.384710
0.500000
0.203075
-0.350528
0.090818
-0.418893
-0.000000
0.418893
-0.090818
0.350528
-0.203075
-0.500000
0.384710
-0.600528
0.860239
-0.168893
0.000000
0.168893
-0.860239
0.600528
-0.384710
0.500000
0.203075
-0.350528
0.090818
-0.418893
0.000000
0.418893
-0.090818
0.350528
-0.203075
-0.500000
0.384710
-0.600528
0.860239
-0.168893
-0.000000
0.168893
-0.860239
0.600528
-0.384710
0.500000
0.203075
-0.350528
0.090818
-0.418893
0.000000
0.418893
-0.090818
0.350528
-0.203075
-0.500000
0.384710
-0.600528
0.860239
-0.168893
0.000000
0.168893
-0.860239
0.600528
-0.384710
0.500000
0.203075
-0.350528
0.090818
-0.418893
-0.000000
0.418893
-0.090818
0.350528
-0.203075
-0.500000
0.384710
-0.600528
0.860239
-0.168893
0.000000
0.168893
-0.860239
0.600528
-0.384710
0.500000
0.203075
-0.350528
0.090818
-0.418893
0.000000
0.418893
-0.090818
0.350528
-0.203075
-0.500000
0.384710
-0.600528
0.860239
-0.168893
0.000000
0.168893
-0.860239
0.600528
-0.384710
0.500000
0.203075
-0.350528
0.090818
-0.418893
0.000000
0.418893
-0.090818
0.350528
-0.203075
-0.500000
0.384710
-0.600528
0.860239
-0.168893
-0.000000
0.168893
-0.860239
0.600528
-0.384710
0.500000
0.203075
-0.350528
0.090818
-0.418893
0.000000
0.418893
-0.090818
0.350528
-0.203075
-0.500000
0.384710
-0.600528
0.860239
-0.168893
-0.000000
0.168893
-0.860239
0.600528
-0.384710
0.500000
0.203075
-0.350528
0.090818
-0.418893
-0.000000
0.418893
-0.090818
0.350528
-0.203075
-0.500000
0.384710
-0.600528
0.860239
-0.168893
-0.000000
0.168893
-0.860239
0.600528
-0.384710
0.500000
0.203075
-0.350528
0.090818
-0.418893
0.000000
0.418893
-0.090818
0.350528
-0.203075
-0.500000
0.384710
-0.600528
0.860239
-0.168893
0.000000
0.168893
-0.860239
0.600528
-0.384710
0.500000
0.203075
-0.350528
0.090818
-0.418893
0.000000
0.418893
-0.090818
0.350528
-0.203075
-0.500000
0.384710
-0.600528
0.860239
-0.168893
-0.000000
0.168893
-0.860239
0.600528
-0.384710
0.500000
0.203075
-0.350528
0.090818
-0.418893
-0.000000
0.418893
-0.090818
0.350528
-0.203075
-0.500000
0.384710
-0.600528
0.860239
-0.168893
0.000000
0.168893
-0.860239
0.600528
-0.384710
0.500000
0.203075
-0.350528
0.090818
-0.418893
-0.000000
0.418893
-0.090818
0.350528
-0.203075
-0.500000
0.384710
-0.600528
0.860239
-0.168893
-0.000000
0.168893
-0.860239
0.600528
-0.384710
0.500000
0.203075
-0.350528
0.090818
-0.418893
0.000000
0.418893
-0.090818
0.350528
-0.203075
-0.500000
0.384710
-0.600528
0.860239
-0.168893
0.000000
0.168893
-0.860239
0.600528
-0.384710
0.500000
0.203075
-0.350528
0.090818
-0.418893
0.000000
0.418893
-0.090818
0.350528
-0.203075
-0.500000
0.384710
-0.600528
0.860239
-0.168893
0.000000
0.168893
-0.860239
0.600528
-0.384710
0.500000
0.203075
-0.350528
0.090818
-0.418893
0.000000
0.418893
-0.090818
0.350528
-0.203075
-0.500000
0.384710
-0.600528
0.860239
-0.168893
0.000000
0.168893
-0.860239
0.600528
-0.384710
0.500000
0.203075
-0.350528
0.090818
-0.418893
-0.000000
0.418893
-0.090818
0.350528
-0.203075
-0.500000
0.384710
-0.600528
0.860239
-0.168893
0.000000
0.168893
-0.860239
0.600528
-0.384710
0.500000
0.203075
-0.350528
0.090818
-0.418893
0.000000
0.418893
-0.090818
0.350528
-0.203075
-0.500000
0.384710
-0.600528
0.860239
-0.168893
0.000000
0.168893
-0.860239
0.600528
-0.384710
0.500000
0.203075
-0.350528
0.090818
-0.418893
-0.000000
0.418893
-0.090818
0.350528
-0.203075
-0.500000
0.384710
-0.600528
0.860239
-0.168893
-0.000000
0.168893
-0.860239
0.600528
-0.384710
0.500000
0.203075
-0.350528
0.090818
-0.418893
0.000000
0.418893
-0.090818
0.350528
-0.203075
-0.500000
0.384710
-0.600528
0.860239
-0.168893
0.000000
0.168893
-0.860239
0.600528
-0.384710
0.500000
0.203075
-0.350528
0.090818
-0.418893
-0.000000
0.418893
-0.090818
0.350528
-0.203075
-0.500000
0.384710
-0.600528
0.860239
-0.168893
-0.000000
0.168893
-0.860239
0.600528
-0.384710
0.500000
0.203075
-0.350528
0.090818
-0.418893
-0.000000
0.418893
-0.090818
0.350528
-0.203075
-0.500000
0.384710
-0.600528
0.860239
-0.168893
0.000000
0.168893
-0.860239
0.600528
-0.384710
0.500000
0.203075
-0.350528
0.090818
-0.418893
-0.000000
0.418893
-0.090818
0.350528
-0.203075
-0.500000
0.384710
-0.600528
0.860239
-0.168893
-0.000000
0.168893
-0.860239
0.600528
-0.384710
0.500000
0.203075
-0.350528
0.090818
-0.418893
0.000000
0.418893
-0.090818
0.350528
-0.203075
-0.500000
0.384710
-0.600528
0.860239
-0.168893
-0.000000
0.168893
-0.860239
0.600528
-0.384710
0.500000
0.203075
-0.350528
0.090818
-0.418893
0.000000
0.418893
-0.090818
0.350528
-0.203075
-0.500000
0.384710
-0.600528
0.860239
-0.168893
0.000000
0.168893
-0.860239
0.600528
-0.384710
0.500000
0.203075
-0.350528
0.090818
-0.418893
-0.000000
0.418893
-0.090818
0.350528
-0.203075
-0.500000
0.384710
-0.600528
0.860239
-0.168893
0.000000
0.168893
-0.860239
0.600528
-0.384710
0.500000
0.203075
-0.350528
0.090818
-0.418893
0.000000
0.418893
-0.090818
0.350528
-0.203075
-0.500000
0.384710
-0.600528
0.860239
-0.168893
0.000000
0.168893
-0.860239
0.600528
-0.384710
0.500000
0.203075
-0.350528
0.090818
-0.418893
0.000000
0.418893
-0.090818
0.350528
-0.203075
-0.500000
0.384710
-0.600528
0.860239
-0.168893
-0.000000
0.168893
-0.860239
0.600528
-0.384710
0.500000
0.203075
-0.350528
0.090818
-0.418893
-0.000000
0.418893
-0.090818
0.350528
-0.203075
-0.500000
0.384710
-0.600528
0.860239
-0.168893
0.000000
0.168893
-0.860239
0.600528
-0.384710
0.500000
0.203075
-0.350528
0.090818
-0.418893
-0.000000
0.418893
-0.090818
0.350528
-0.203075
-0.500000
0.384710
-0.600528
0.860239
-0.168893
-0.000000
0.168893
-0.860239
0.600528
-0.384710
0.500000
0.203075
-0.350528
0.090818
-0.418893
